20260226120000
20260226120001
20260226120002
20260226120003
20260226120004
20260226120005
20260226120006
20260226120007
20260226120008
20260226120009
20260226120010
20260226120011
20260226120012
20260226120013
20260226120014
20260226120015
20260226120016
20260226120017
20260226120018
20260226120019
20260226120020
20260226120021
20260226120022
20260226120023
20260226120024
20260226120025
20260226120026
20260226120027
20260226120028
20260226120029
20260226120030
20260226120031
20260226120032
20260226120033
20260226120034
20260226120035
20260226120036
20260226120037
20260226120038
20260226120039
20260226120040
20260226120041
20260226120042
20260226120043
20260226120044
20260226120045
20260226120046
20260226120047
20260226120048
20260226120049
20260226120050
20260226120051
20260226120052
20260226120053
20260226120054
20260226120055
20260226120056
20260226120057
